0.0483049284467	0.04
0.0779301481698	0.1
0.0983604787331	0.130434782609
0.116899493125	0.134782608696
0.127148518168	0.212980769231
0.139951651653	0.212980769231
0.150353678197	0.25
0.157983123703	0.282857142857
0.166302039882	0.282857142857
0.174265214367	0.282857142857
0.18280623449	0.282857142857
0.188303657674	0.289141414141
0.198013390142	0.289141414141
0.207769214122	0.289141414141
0.2157172749	0.289141414141
0.224017826139	0.316222222222
0.229453813678	0.316222222222
0.236324870792	0.316222222222
0.246021923121	0.316222222222
0.252910418727	0.316222222222
0.25732995091	0.389883923266
0.26542748114	0.389883923266
0.271420632613	0.389883923266
0.275930859225	0.389883923266
0.281097305791	0.389883923266
0.2863411815	0.389883923266
0.291689433707	0.389883923266
0.296714018069	0.389883923266
0.303068762602	0.389883923266
0.308546142387	0.389883923266
0.313188448572	0.389883923266
0.31952893421	0.389883923266
0.325659025285	0.389883923266
0.330454468096	0.389883923266
0.336029091838	0.389883923266
0.341248314664	0.389883923266
0.348041451582	0.389883923266
0.352388048709	0.437923280423
0.3556410884	0.437923280423
0.360272904352	0.437923280423
0.36371928967	0.437923280423
0.367889106347	0.437923280423
0.372101595015	0.437923280423
0.37644598478	0.437923280423
0.380045533264	0.437923280423
0.382977013304	0.437923280423
0.386656010687	0.437923280423
0.390684349025	0.437923280423
0.394573618582	0.437923280423
0.398783171647	0.437923280423
0.402237160749	0.437923280423
0.406874418542	0.437923280423
0.410516457433	0.457142857143
0.414259366511	0.471428571429
0.417745508138	0.471428571429
0.420955538798	0.471428571429
0.424391199498	0.479761904762
0.427819579053	0.479761904762
0.430994538438	0.508333333333
0.43390545158	0.508333333333
0.437212944759	0.509027777778
0.440255494348	0.509027777778
0.443687703158	0.509027777778
0.446519220638	0.509027777778
0.449726575014	0.509027777778
0.452911599018	0.509027777778
0.456843024687	0.509027777778
0.459503218637	0.509027777778
0.462811178293	0.509027777778
0.465363497955	0.509027777778
0.468821268767	0.509027777778
0.472355697679	0.509027777778
0.475897401535	0.509027777778
0.47941356457	0.509027777778
0.48344099576	0.509027777778
0.486039600502	0.509027777778
0.489739535181	0.509027777778
0.493388383543	0.509027777778
0.495944044402	0.525
0.499104129184	0.525
0.502424556078	0.72
0.505220496099	1.0
0.50958241262	1.0
0.512314383921	1.0
0.514568281745	1.0
0.517547150124	1.0
0.519798566817	1.0
0.523547601208	1.0
0.527085849563	1.0
0.53004439114	1.0
0.534282101597	1.0
0.536897340234	1.0
0.540919607717	1.0
0.544640691532	1.0
0.548928470348	1.0
0.55176282345	1.0
0.555053347391	1.0
0.557605096661	1.0
0.560943598895	1.0
0.564644907709	1.0
0.567844918827	1.0
0.571666445858	1.0
0.574473808193	1.0
0.57762842182	1.0
0.581461831768	1.0
0.584224213964	1.0
0.587482164386	1.0
0.591301639746	1.0
0.594051243597	1.0
0.596266784253	1.0
0.599547827911	1.0
0.602710868744	1.0
0.606711006022	1.0
0.611489595124	1.0
0.615365629228	1.0
0.618982402132	1.0
0.623041354452	1.0
0.627227623248	1.0
0.631080326477	1.0
0.63502273242	1.0
0.640130339669	1.0
0.644202424156	1.0
0.648420083716	1.0
0.651816715234	1.0
0.657455718381	1.0
0.661363389893	1.0
0.66656552754	1.0
0.672639944928	1.0
0.677992154597	1.0
0.683450296393	1.0
0.687605597912	1.0
0.691093597024	1.0
0.695668699382	1.0
0.701776462125	1.0
0.706381838968	1.0
0.711615658415	1.0
0.716815337351	1.0
0.720945179169	1.0
0.726941029928	1.0
0.732445598408	1.0
0.738418067102	1.0
0.743669347557	1.0
0.74887205545	1.0
0.75578632394	1.0
0.76262002472	1.0
0.768709543363	1.0
0.773706352372	1.0
0.779435532657	1.0
0.787378220787	1.0
0.795468791272	1.0
0.801002476998	1.0
0.809917790355	1.0
0.817149801352	1.0
0.82453064408	1.0
0.830928576995	1.0
0.841072518744	1.0
0.851362050159	1.0
0.859233029829	1.0
0.867108751016	1.0
0.878656478553	1.0
0.889847589355	1.0
0.901378476949	1.0
0.911761034904	1.0
0.929625370713	1.0
0.959203942625	1.0
0.998320077647	1.0
